speedtree,free,encyclopedia,skin,stylepath,wgarticlepath,wgscriptpath,wgscript,wgvariantarticlepath,wgactionpaths,wgserver,wgcanonicalnamespace,wgcanonicalspecialpagename,wgnamespacenumber,wgpagename,wgtitle,wgaction,wgarticleid,wgisarticle,wgusername,wgusergroups,wguserlanguage,wgcontentlanguage,wgbreakframes,wgcurrevisionid,wgversion,wgenableapi,wgenablewriteapi,wgseparatortransformtable,wgdigittransformtable,wgmwsuggesttemplate,wgdbname,wgsearchnamespaces,wgmwsuggestmessages,wgrestrictionedit,wgrestrictionmove,wikibits,js,site,js,speedtree,free,encyclopedia,jump,search,speedtree,developed,interactive,data,type,middleware,website,speedtree,official,website,speedtree,programming,package,produced,interactive,data,generates,virtual,foliage,real,time,video,games,licensed,developers,video,games,xbox,360,playstation,3,numerous,including,first,person,military,contents,1,origins,2,components,3,licensees,4,speedtree,games,recent,5,speedtree,additional,games,6,speedtree,applications,7,awards,8,see,9,external,links,tocshowtext,tochidetext,origins,feature,kevin,meredith,idv,recounted,speedtree,originating,due,lack,satisfaction,initial,version,speedtreecad,standing,developed,idv,golf,although,backers,pulled,golf,idv,refined,cad,software,3d,studio,max,component,animated,architectural,refining,speedtreemax,idv,went,produce,version,sdk,version,much,commercial,components,speedtreert,standing,software,development,kit,written,whose,source,code,available,intended,fitted,larger,graphical,speedtree,software,handling,rendering,trees,foliage,alone,specific,engine,incorporating,larger,speedtreecad,specialized,modeling,tool,created,specifically,creating,editing,speedtreecad,permits,specification,variables,branch,branching,bark,texture,gravitational,generates,tree,trees,created,speedtreecad,less,consequently,used,either,prerendered,idv,provides,speedtreemax,popular,3d,studio,max,maya,modeling,licensees,speedtreemax,launched,february,speedtreert,licensed,first,including,elder,scrolls,december,speedtree,licensed,pc,console,titles,wide,variety,genres,developers,8monkey,labs,activision,ascaron,atari,bethesda,softworks,big,huge,games,bizarre,creations,bioware,blue,byte,software,cd,projekt,cheyenne,mountain,entertainment,cornered,rat,software,cryptic,studios,ea,mythic,eidos,interactive,electronic,arts,epic,games,eutechnyx,frontier,funcom,productions,gearbox,software,gravity,hsc,labs,insomniac,intelligent,soft,koei,larian,studios,lucasarts,massive,entertainment,microsoft,game,studios,midway,monte,cristo,namco,bandai,ncsoft,netease,nexon,ninja,theory,obsidian,entertainment,people,fly,perpetual,entertainment,piranha,bytes,pivotal,games,pseudo,interactive,real,time,worlds,rockstar,games,s2,games,sega,sierra,entertainment,silicon,knights,simutronics,sony,computer,entertainment,square,enix,star,vault,interactive,thq,ubisoft,vivendi,games,volition,webzen,zelian,games,speedtree,licensed,middleware,partner,xbox,360,playstation,speedtree,partnered,epic,games,order,integrate,software,unreal,engine,partnerships,formed,speedtree,bigworld,vision,engine,multiverse,gamebryo,engine,emergent,game,technologies,ogre,rendering,engine,torus,speedtree,games,recent,50,blood,sand,age,conan,hyborian,adventures,brothers,highway,deer,hunter,tournament,dragon,origins,dark,eye,total,fallout,3,gears,2,grand,theft,auto,iv,huxley,lord,conquest,ratchet,clank,tools,destruction,sacred,2,fallen,angel,stargate,worlds,human,unreal,tournament,3,valkyria,chronicles,virtual,earth,3d,speedtree,additional,games,9dragons,auto,assault,call,duty,3,crackdown,darkest,days,deer,hunter,tournament,elder,scrolls,oblivion,elveon,enchanted,arms,fallen,earth,fallen,condemnation,fatal,inertia,ferrari,trofeo,pirelli,full,auto,battlelines,fury,gods,rome,rising,gothic,iii,granado,espada,sword,new,world,guild,ii,journey,holic,online,heavenly,sage,juiced,hot,import,nights,last,remnant,mobile,suit,crossfire,mortal,online,neverwinter,nights,2,outsider,pirates,burning,project,gotham,racing,3,project,gotham,racing,4,ragnarok,online,ii,ragnesis,online,fall,rise,civilizations,rise,rise,legends,roma,victor,saints,row,saints,row,2,savage,tortured,soul,second,life,rise,empire,shrek,third,silverfall,soldier,payback,soul,ultimate,nation,spellforce,shadow,wars,3,ignition,tiger,woods,pga,tour,2006,360,trials,atlantis,saga,heroes,witcher,world,conflict,world,ii,online,zera,wildlife,park,2,guild,list,may,never,satisfy,certain,standards,many,game,developers,reveal,use,announce,tools,used,game,speedtree,applications,speedtree,integrated,optional,module,vega,prime,visualization,product,line,developed,prior,acquisition,cae,may,vega,prime,3d,visual,simulation,software,package,used,global,military,industry,game,markets,following,projects,announced,apache,attack,helicopter,flir,simulation,developed,us,army,camber,pilot,training,night,flying,conditions,combat,simulation,developed,emergent,game,technologies,us,department,defense,project,development,division,european,aeronautic,defence,space,awards,2008,develop,industry,excellence,technology,tools,providers,magazine,website,serving,game,first,recognized,industry,achievements,variety,categories,2005,frontline,middleware,award,sponsored,game,developer,recognizes,exceptional,game,development,frontline,award,2006,mt2,top,mt2,top,100,awards,sponsored,kerrigan,media,international,military,training,technology,recognize,companies,technologies,made,significant,impact,military,training,see,game,engine,external,links,speedtree,official,website,features,news,affiliate,videos,screenshots,speedtree,trees,pangaea,demo,free,hardware,demonstration,showing,capabilities,speedtree,available,smaller,interactive,data,official,website,website,developers,speedtree,gallery,features,screenshots,speedtree,gamasutra,feature,article,speedtree,elder,scrolls,oblivion,video,chapter,2,video,features,bethesda,implementation,retrieved,3d,graphics,software,video,game,engines,virtual,reality,views,article,discussion,edit,page,history,personal,tools,log,create,account,navigation,main,page,contents,featured,content,current,events,random,article,search,interaction,wikipedia,community,portal,recent,changes,contact,wikipedia,donate,wikipedia,help,toolbox,links,related,changes,upload,file,special,pages,printable,version,permanent,linkcite,page,languages,deutsch,nederlands,polski,page,last,modified,2,march,text,available,terms,gnu,free,documentation,copyrights,registered,trademark,wikimedia,registered,nonprofit,privacy,policy,wikipedia,disclaimers,